  0.014250  -0.014448   0.000000
  0.012250  -0.016448   0.000000
  0.010250  -0.018448   0.000000
  0.008250  -0.020448   0.000000
  0.046250  -0.014448   0.000000
  0.044250  -0.014448   0.000000
  0.042250  -0.014448   0.000000
  0.040250  -0.014448   0.000000
 -0.033750  -0.021408   0.000000
 -0.035750  -0.023408   0.000000
 -0.037750  -0.025408   0.000000
 -0.039750  -0.027408   0.000000
 -0.013750  -0.014448   0.000000
 -0.015750  -0.014448   0.000000
 -0.017750  -0.014448   0.000000
 -0.019750  -0.014448   0.000000
