  0.055250   0.021063   0.000000
  0.047250   0.021063   0.000000
  0.039250   0.021063   0.000000
  0.031250   0.021063   0.000000
  0.023250   0.021063   0.000000
  0.015250   0.021063   0.000000
  0.007250   0.021063   0.000000
 -0.000750   0.021063   0.000000
 -0.008750   0.021063   0.000000
 -0.016750   0.021063   0.000000
 -0.022750   0.023063   0.000000
 -0.024750   0.021063   0.000000
 -0.032750   0.013063   0.000000
 -0.036750   0.005063   0.000000
 -0.038750   0.005063   0.000000
 -0.040750   0.005063   0.000000
